10
1 900 901 902 903 904 905 906 907 908 909 910 911 912 913 914 915 916 917 918 919
2 919 918 917 916 915 914 913 912 911 910 909 908 907 906 905 904 903 902 901 900
3 901 902 903 904 905 906 907 908 909 910 911 912 913 914 915 916 917 918 919 900
4 918 917 916 915 914 913 912 911 910 909 908 907 906 905 904 903 902 901 900 919
5 941 999 1494 996 1701 1700 2046 1558 1458 1256 2013 1493 1221 1655 1677 1391 1599 1362 1135 1744
6 1147 1728 1358 1053 1192 1802 1101 1248 1102 1279 1755 1962 1895 958 1621 1296 1311 1943 1863 1610
7 903 1751 1226 1385 1353 972 1117 1723 1601 2028 1191 992 1418 1513 1421 1131 1587 1457 2025 1678
8 1736 1639 1278 1594 1188 1158 1904 1806 1796 1942 1745 1866 1889 1162 1326 982 1005 1185 1004 1013
9 2043 2024 1338 1288 1260 1274 1388 1055 1952 1772 1195 1418 1891 1845 1774 946 1834 2017 1369 1141
10 1019 947 1858 1792 1646 1101 910 1577 1474 1329 945 1420 1604 1430 989 1273 1549 1405 1340 1926 919